18: 20
2: 3 15
32: 1360: 40 40 60 20 60 20 60 20 60 60 20 20 60 20 60 20 60 60 40 60 60 40 60 60 20 40 60 20 60 20 40 20
5: 1380: 280 280 280 260 280

1: 5 7 6 1 6 2 1 1 6 7 3 6 9 1 5 6 4 3 3 7 1 9 2 10 7 10 4 7 1 8 7 4 
2: 2 3 9 10 10 9 9 4 9 1 10 1 7 10 6 10 9 4 9 3 10 10 1 3 7 6 7 2 4 7 3 4 

1: 10 10 10 8 8 
2: 5 7 2 1 3 
3: 8 9 10 3 10 
4: 6 9 3 9 2 
5: 7 8 2 8 5 
6: 8 7 6 7 3 
7: 3 9 8 8 10 
8: 4 5 4 4 2 
9: 5 8 1 9 1 
10: 8 1 8 4 4 
11: 8 5 3 9 9 
12: 8 2 2 6 6 
13: 10 2 10 8 4 
14: 2 10 6 4 2 
15: 9 5 1 2 2 
16: 10 10 9 1 10 
17: 10 3 5 4 6 
18: 1 4 4 1 1 
19: 6 1 7 10 3 
20: 5 9 1 6 10 
21: 9 10 10 1 7 
22: 2 2 6 9 5 
23: 5 8 7 7 6 
24: 3 4 7 9 1 
25: 1 1 7 1 7 
26: 3 5 2 3 4 
27: 2 8 9 2 10 
28: 9 4 7 1 8 
29: 9 5 9 3 8 
30: 4 4 4 2 3 
31: 2 9 4 9 5 
32: 9 2 6 8 1 
