10: 20
2: 2 8
22: 1040: 60 60 40 60 20 60 60 40 40 40 60 40 40 60 20 60 60 60 20 60 60 20
4: 1060: 240 260 280 280

1: 3 1 1 4 3 10 8 2 5 2 9 2 7 4 10 10 10 2 9 10 3 10 
2: 1 8 5 9 7 10 5 7 10 6 3 4 2 3 6 6 9 2 8 2 9 9 

1: 2 3 9 1 
2: 9 4 7 6 
3: 1 2 6 3 
4: 6 1 7 7 
5: 6 8 7 4 
6: 2 10 7 5 
7: 4 10 5 1 
8: 8 5 10 4 
9: 2 2 9 8 
10: 6 10 9 4 
11: 6 2 10 7 
12: 2 4 6 8 
13: 10 4 9 9 
14: 8 9 4 1 
15: 2 2 4 1 
16: 3 5 8 2 
17: 2 3 4 7 
18: 1 10 10 3 
19: 5 1 3 3 
20: 6 9 6 3 
21: 3 10 1 8 
22: 5 2 2 10 
