15: 36
5: 2 5 1 1 6
25: 1764: 108 72 108 72 72 36 108 36 108 108 36 36 108 72 36 72 72 72 36 108 36 36 108 36 72
12: 1836: 180 180 144 180 108 180 144 108 144 108 180 180

1: 3 2 3 7 10 2 1 5 9 7 3 7 3 8 6 3 6 2 5 9 5 6 4 10 9 
2: 6 2 5 2 10 1 10 7 4 4 4 3 8 1 7 3 8 9 6 8 1 3 2 8 9 
3: 1 1 5 1 1 5 10 8 3 4 5 4 2 2 3 9 4 10 4 4 7 1 4 8 4 
4: 1 2 7 6 2 2 2 2 10 1 6 10 9 8 9 2 9 2 9 10 5 2 3 3 4 
5: 2 8 7 2 2 7 3 10 7 5 1 5 5 4 9 1 8 6 9 4 8 9 3 8 7 

1: 9 2 4 4 6 8 4 1 3 3 2 1 
2: 5 3 10 7 10 2 9 5 10 6 8 10 
3: 5 5 4 7 10 7 3 4 9 4 3 5 
4: 10 8 2 9 4 5 2 7 2 10 5 6 
5: 1 4 1 6 10 10 9 8 2 7 5 8 
6: 1 4 7 3 10 8 9 6 7 8 2 1 
7: 10 6 4 4 1 2 2 8 1 4 6 4 
8: 10 2 9 6 8 10 9 1 1 5 7 1 
9: 8 3 2 5 1 7 7 7 1 5 9 8 
10: 6 8 7 6 6 7 7 3 9 3 9 8 
11: 9 8 7 8 2 6 5 8 8 8 6 6 
12: 8 4 7 7 9 7 2 7 3 1 7 4 
13: 3 5 7 9 7 7 5 9 3 8 1 5 
14: 3 10 9 9 6 1 5 6 3 4 8 5 
15: 3 1 6 9 2 2 1 8 10 9 6 2 
16: 4 9 10 7 3 4 3 4 5 2 6 6 
17: 3 4 5 4 9 10 5 5 5 6 1 7 
18: 9 3 6 4 4 10 4 3 10 1 9 5 
19: 4 3 2 2 8 7 3 7 3 8 1 2 
20: 10 10 3 3 5 2 7 1 3 7 2 6 
21: 3 6 3 10 6 2 2 9 8 5 2 7 
22: 2 4 8 4 6 3 4 1 8 1 10 10 
23: 6 6 4 8 3 7 5 8 5 8 3 8 
24: 1 3 10 8 5 4 5 3 7 8 6 3 
25: 9 4 7 9 5 1 7 10 7 4 2 9 
